Matriz 1
2 5 6 8 2 8 5 9 1 3 1 9 5 2 1 0 7 5 1 7 4 5 1 4 5 8 7 5 2 2 3 8 3 6 1 9 4 8 0 7 
3 3 3 6 7 1 5 3 7 3 5 7 0 4 1 7 9 8 1 1 6 1 6 0 4 6 0 1 2 3 1 9 3 6 5 6 6 3 2 9 
1 9 3 3 0 9 9 3 0 9 0 0 5 2 1 7 2 5 1 1 9 2 4 4 8 0 1 9 6 5 7 1 1 5 0 5 1 1 4 0 
2 2 5 2 5 2 4 4 5 1 9 5 3 8 4 1 5 4 7 5 7 6 4 8 1 6 5 6 2 9 7 5 6 4 9 7 8 0 4 7 
0 0 7 8 1 7 0 2 7 3 7 3 5 3 3 9 3 3 8 3 0 1 9 0 1 3 5 7 3 4 0 4 5 8 0 6 6 5 2 3 
3 3 7 4 0 3 4 7 7 6 1 1 9 5 8 6 9 5 1 2 1 3 4 8 0 3 8 8 5 2 6 7 1 7 5 5 8 4 3 7 
1 6 7 9 2 8 4 8 0 0 8 4 6 2 6 6 2 9 9 4 5 2 0 5 9 7 4 7 7 4 0 4 5 3 5 5 2 9 3 4 
5 1 9 3 9 1 2 2 2 1 7 9 0 5 7 5 2 5 8 0 8 9 2 7 1 3 1 1 2 7 7 6 3 5 3 3 2 4 7 2 
4 0 9 0 1 5 2 2 8 2 9 4 1 9 4 1 6 7 7 1 7 9 4 0 5 5 0 8 2 4 9 8 0 7 7 8 8 9 5 7 
1 9 9 7 6 2 1 5 0 3 2 5 3 7 5 3 2 2 1 6 4 7 1 1 8 0 8 5 3 4 9 6 2 6 1 4 1 4 8 5 
2 7 4 3 6 5 0 1 2 8 1 2 8 7 5 4 0 9 7 4 3 4 3 7 3 2 4 1 4 2 2 9 0 1 3 4 4 1 5 8 
9 7 8 8 6 5 9 5 7 0 1 9 4 8 3 2 0 8 8 4 8 0 8 8 4 7 6 5 3 3 3 1 8 1 7 5 7 3 3 2 
5 6 0 5 9 1 7 8 1 5 9 6 8 3 7 4 9 6 7 2 2 3 8 6 6 2 5 6 1 9 9 3 6 9 2 4 6 6 3 8 
7 9 0 9 6 4 6 5 2 0 7 1 7 2 3 4 2 6 2 8 8 8 5 8 0 3 6 6 5 7 9 2 1 8 5 4 2 7 9 4 
8 9 4 1 4 9 3 8 1 0 4 2 7 5 0 8 9 5 5 5 6 6 8 6 5 8 1 0 3 9 9 5 6 3 7 2 5 6 7 2 
9 7 4 2 5 4 2 4 0 4 8 6 9 8 6 4 3 9 1 8 7 2 4 3 8 6 8 3 6 0 3 0 9 8 4 7 1 7 0 4 
2 8 5 4 2 6 2 6 7 1 6 8 4 7 8 4 1 5 3 0 6 6 5 9 2 7 3 9 4 3 7 7 1 9 5 5 0 2 7 0 
5 1 7 8 9 8 3 9 3 3 2 2 0 2 7 0 1 6 4 4 0 3 9 9 6 3 3 5 0 5 1 5 9 5 8 0 4 1 8 0 
5 5 1 4 9 3 6 6 2 0 6 1 6 6 8 9 2 2 8 7 9 1 2 3 3 8 8 2 6 0 7 0 7 3 2 6 2 8 9 2 
9 4 3 5 6 6 7 6 2 2 4 7 8 5 1 1 1 1 1 9 4 4 6 7 3 5 0 6 2 7 3 0 6 1 2 9 2 9 7 8 
8 0 2 0 2 2 0 9 7 5 7 8 0 9 6 1 7 7 0 6 7 7 3 5 3 4 8 2 1 0 6 5 7 5 2 1 3 1 0 1 
0 9 9 2 7 1 8 1 0 4 1 7 7 3 7 4 2 9 6 5 7 1 6 3 2 3 7 8 1 6 8 8 7 3 9 2 8 4 0 6 
8 8 4 4 9 8 3 9 5 6 6 5 8 2 0 2 0 6 0 2 3 0 8 0 5 3 1 7 0 9 9 1 6 9 2 7 6 5 0 2 
7 8 8 0 6 2 1 1 6 7 6 6 5 8 1 0 0 1 5 0 0 2 1 4 4 5 7 4 7 7 0 9 9 3 1 1 0 5 7 8 
2 6 9 3 8 7 3 0 8 0 9 4 5 3 3 8 9 7 8 9 7 4 6 7 8 7 1 0 4 3 7 5 8 1 8 4 9 0 5 2 
8 4 2 8 0 5 6 7 6 3 2 5 0 1 4 0 6 3 1 8 6 2 8 0 2 2 5 0 6 3 9 6 0 9 5 8 5 4 4 0 
2 3 4 5 8 6 5 5 4 1 6 2 2 7 3 2 5 3 2 4 1 1 5 4 5 0 8 5 2 8 3 3 0 1 8 6 8 8 5 7 
1 5 5 2 7 4 6 1 5 1 2 6 8 8 9 9 8 2 6 0 0 6 4 6 4 5 9 0 8 4 9 1 9 2 5 1 8 5 8 4 
1 0 5 1 4 4 2 4 3 8 8 7 0 3 4 3 8 0 7 8 0 0 2 7 0 6 9 8 8 3 0 1 2 4 5 4 9 2 0 9 
8 2 2 3 6 4 5 0 0 1 1 5 4 6 2 7 4 1 2 9 5 0 4 2 8 3 2 5 1 5 9 5 3 2 5 7 2 5 9 4 
4 9 0 7 8 8 6 2 4 8 9 2 4 1 7 4 6 1 2 2 3 9 6 9 9 2 4 3 4 7 1 6 0 6 5 5 4 0 8 5 
9 7 5 8 6 4 9 7 9 4 6 7 5 7 8 3 1 7 5 8 2 1 6 3 4 2 6 7 8 8 8 8 6 9 0 6 6 6 8 8 
9 8 3 2 3 0 5 6 5 8 8 9 5 9 2 1 2 1 9 7 7 8 7 9 3 9 5 7 1 8 9 6 3 7 3 0 6 6 7 8 
4 5 9 1 4 5 1 4 9 9 3 6 2 3 7 4 2 2 6 5 5 5 1 4 6 6 7 0 4 3 8 6 6 5 5 5 0 2 3 4 
3 2 4 4 8 3 4 0 1 5 7 1 6 1 3 2 8 8 8 5 1 7 0 0 5 2 0 2 0 7 1 9 7 5 4 7 9 5 4 4 
2 5 3 3 3 6 4 5 6 0 3 2 1 5 4 0 8 3 6 4 0 5 7 8 5 8 5 2 9 7 8 4 6 8 8 2 5 5 2 1 
4 5 4 2 6 1 0 1 4 9 7 3 4 1 6 5 8 3 9 9 9 0 5 8 7 5 2 1 1 5 9 9 3 1 2 2 1 6 8 2 
4 2 8 7 9 8 8 5 5 8 7 4 5 0 6 1 2 1 8 3 5 8 2 7 0 0 8 1 6 1 6 5 7 3 4 7 2 5 8 5 
2 1 1 8 6 3 4 5 4 3 0 3 5 9 5 8 3 9 4 5 0 7 9 2 5 7 8 2 2 2 0 4 2 2 6 7 0 6 9 6 
7 2 5 1 7 7 6 5 1 7 6 5 1 9 3 9 0 9 9 6 6 8 9 5 0 0 9 7 1 5 3 8 9 0 1 7 4 6 8 8 

Matriz 2
1 0 2 1 7 9 1 2 1 4 6 6 5 8 4 3 7 4 5 4 8 0 4 2 9 6 7 4 7 3 4 0 6 5 4 6 4 5 4 5 
5 2 8 7 8 0 1 8 9 9 4 9 7 0 3 6 1 4 6 9 4 1 4 5 5 1 3 0 7 3 0 2 9 5 9 2 7 4 5 8 
8 1 2 6 8 1 1 4 1 6 5 8 3 7 4 2 8 5 0 1 3 0 5 4 4 8 0 6 1 9 2 9 8 2 8 9 7 5 6 2 
2 5 1 3 9 2 5 7 1 5 6 3 6 9 0 8 3 0 8 2 9 1 0 1 9 1 3 0 4 6 0 2 1 3 9 6 3 4 8 7 
3 7 6 1 7 0 4 8 6 6 0 7 5 1 0 5 9 2 1 1 3 2 3 7 5 8 8 3 0 9 3 5 7 3 3 3 7 6 8 3 
8 1 0 2 8 2 8 1 5 8 2 7 8 3 0 2 9 8 1 1 6 7 2 3 4 1 4 9 6 3 0 7 4 2 0 7 0 4 5 3 
1 0 4 2 4 9 5 6 6 7 6 6 1 1 9 7 2 0 9 1 2 9 1 0 6 9 4 2 9 5 2 3 4 4 9 0 0 2 7 2 
3 9 0 6 7 9 8 7 7 7 8 1 8 3 9 4 8 4 9 9 4 0 3 4 0 0 2 1 8 2 4 1 2 3 8 1 4 6 3 0 
5 7 3 3 7 0 4 7 9 1 7 1 0 1 1 0 2 7 9 9 8 1 3 2 2 4 2 3 7 8 6 7 7 9 8 6 0 3 9 2 
5 3 7 3 3 7 0 3 2 9 1 2 4 1 7 6 2 1 1 8 8 8 4 1 4 0 7 3 2 8 0 3 8 6 3 6 3 2 5 6 
5 0 4 7 8 8 2 2 8 4 4 2 8 8 2 7 3 4 3 4 9 3 5 8 8 6 6 4 8 1 7 4 8 8 5 8 8 0 9 1 
2 3 8 4 0 1 6 0 6 0 6 8 2 1 6 2 0 8 6 7 9 8 5 5 0 7 8 2 5 6 6 3 9 8 5 5 5 5 3 9 
9 1 4 3 9 5 2 5 2 0 1 8 1 3 7 2 1 9 1 8 3 9 4 1 2 7 0 5 1 0 3 8 1 5 1 5 9 6 3 1 
0 4 5 3 0 7 9 4 4 4 6 6 8 3 0 2 5 4 5 9 4 4 4 7 8 8 5 4 8 8 3 3 8 3 6 3 3 7 8 9 
7 5 5 9 8 5 1 4 8 7 4 8 2 8 1 8 7 3 6 9 4 0 6 9 6 1 1 0 7 5 9 8 1 3 8 4 0 3 2 4 
1 2 7 9 3 4 9 1 9 0 9 5 2 8 2 5 2 9 4 6 2 2 8 6 9 8 2 0 1 3 5 9 0 0 7 3 1 5 2 8 
0 2 1 1 5 7 7 1 7 3 0 9 6 4 1 2 2 8 9 7 6 8 5 2 3 0 8 7 6 4 7 1 4 6 1 2 2 5 2 1 
9 0 0 1 3 8 7 4 1 8 8 4 5 9 2 4 1 1 4 5 2 3 3 2 2 0 5 5 7 9 5 4 2 5 0 8 3 6 1 4 
3 8 2 1 9 2 0 5 4 3 0 0 5 4 7 3 6 3 8 9 0 5 9 5 5 9 1 4 8 4 1 0 4 5 2 1 7 7 3 2 
2 9 6 2 5 4 8 4 1 4 8 8 8 7 9 2 5 7 8 0 7 1 2 8 9 7 4 0 3 6 8 4 4 9 2 6 5 0 7 1 
5 0 6 4 9 5 3 6 3 9 5 9 7 0 0 5 1 9 8 2 0 9 8 2 1 3 2 0 4 8 3 5 2 7 3 2 0 7 7 4 
5 0 1 3 5 5 8 5 6 5 7 4 8 8 5 7 3 2 2 6 8 5 4 8 9 3 2 6 1 0 2 1 7 4 0 6 5 6 9 4 
2 7 6 7 0 8 6 0 4 7 0 4 9 8 8 9 2 5 2 0 2 8 1 6 9 1 0 9 1 2 2 2 0 7 3 5 9 6 8 5 
7 8 5 0 9 7 6 0 0 8 6 2 3 5 3 0 0 0 1 3 5 4 4 7 1 0 3 2 5 8 9 0 0 6 5 1 3 1 1 4 
6 1 1 8 2 8 8 4 3 1 1 9 2 4 3 6 5 1 3 6 8 1 4 4 8 9 2 8 3 7 3 8 5 8 1 7 8 6 8 5 
0 9 4 8 3 9 1 5 9 6 0 3 6 5 6 4 6 0 3 3 5 3 1 6 5 6 0 6 3 2 4 7 1 3 9 1 0 3 4 6 
4 7 5 2 9 8 2 7 7 9 9 1 7 6 9 5 7 2 0 1 1 6 8 1 7 2 3 0 4 5 3 9 8 3 7 0 7 6 2 3 
0 0 0 7 3 0 7 6 4 4 9 2 4 6 8 2 4 3 7 3 4 8 7 9 0 8 3 8 1 9 3 7 6 7 2 7 9 2 1 2 
9 3 3 3 7 5 7 1 6 0 1 8 2 9 7 7 4 3 3 3 4 4 4 5 8 0 5 2 3 2 6 1 2 1 5 8 4 1 0 0 
7 9 3 0 8 9 8 9 6 7 7 3 0 4 5 0 9 7 7 1 6 2 0 6 5 0 1 8 1 3 2 3 8 6 4 1 7 8 7 7 
9 7 6 3 2 7 3 0 5 9 5 3 8 5 5 2 6 9 8 0 3 9 2 0 7 0 6 0 4 2 2 7 7 2 1 0 4 2 1 7 
9 5 0 0 5 7 0 9 5 6 9 2 7 4 2 9 3 8 5 2 4 2 8 5 7 2 9 4 6 6 3 1 5 4 0 4 9 3 2 4 
2 8 7 1 2 3 8 4 6 5 6 4 8 5 8 1 2 6 3 5 7 3 5 2 7 3 1 0 9 3 9 1 8 5 7 1 0 4 5 2 
8 9 5 0 9 3 1 4 4 3 1 9 2 9 2 3 9 3 5 0 0 8 2 1 6 9 2 1 4 3 7 2 0 3 0 2 1 1 7 1 
0 2 2 0 7 8 1 2 5 7 3 7 4 9 5 6 6 4 4 9 8 7 8 3 7 3 4 6 3 3 1 1 9 6 0 7 4 1 5 2 
7 5 9 3 1 4 5 2 0 2 7 2 7 8 9 8 7 1 9 9 0 4 2 6 8 8 2 9 7 3 9 7 7 2 5 8 9 5 5 7 
1 1 7 5 1 4 5 6 2 3 3 4 0 6 4 2 0 2 8 5 0 0 3 2 9 4 8 9 4 7 1 7 4 5 0 4 2 8 4 5 
7 8 5 9 5 8 9 3 6 0 1 0 0 5 3 0 3 2 8 7 3 3 3 8 7 9 4 6 1 2 2 1 6 7 9 2 5 5 4 0 
5 2 2 9 2 4 8 4 1 1 0 4 0 6 6 7 0 6 8 0 9 6 2 4 6 5 2 4 1 7 0 5 6 7 9 8 4 0 9 4 
3 5 4 9 5 9 3 8 7 7 5 7 4 2 5 2 3 7 1 6 5 4 3 2 2 8 7 3 8 6 6 3 0 8 9 9 5 5 3 0 

Resultado 2
812 783 669 682 946 951 858 796 807 886 853 875 882 865 837 709 761 735 910 794 794 757 660 725 900 798 689 711 831 839 702 720 812 856 804 768 803 766 800 648 
637 647 647 636 775 882 744 723 811 760 720 835 735 797 607 719 602 729 856 758 731 660 633 636 878 749 706 657 779 835 660 627 719 821 722 748 664 712 815 643 
729 439 561 579 745 723 725 569 605 768 628 768 637 657 649 637 551 618 722 573 576 746 541 535 728 562 462 556 584 701 437 650 629 644 574 615 604 572 664 603 
797 844 776 673 1022 1054 872 841 900 1009 912 899 934 989 877 751 809 851 985 864 865 843 798 856 1033 839 718 783 916 941 792 765 973 983 803 814 863 809 951 731 
676 691 598 645 819 698 733 633 723 636 676 657 686 884 678 622 655 687 750 671 635 629 617 674 888 748 481 665 654 707 596 701 656 720 687 725 707 661 758 553 
855 766 694 723 1016 1011 817 782 858 916 877 876 785 989 835 730 735 808 913 889 764 810 769 728 948 731 691 715 828 903 748 809 779 852 818 805 784 747 749 641 
897 757 648 824 1111 992 932 823 891 886 845 916 857 1026 829 801 810 741 939 907 853 717 799 871 1003 883 608 741 879 882 726 790 825 900 906 870 861 795 854 653 
792 686 653 614 914 833 738 676 761 817 744 798 742 862 621 689 707 737 816 694 755 677 710 785 895 753 618 592 709 826 644 631 835 779 727 695 722 713 834 687 
900 714 680 796 945 1047 879 793 890 893 843 894 882 1032 769 766 823 865 1039 917 846 849 802 863 1066 951 752 924 879 940 711 809 991 985 739 945 876 824 971 703 
813 686 651 710 882 804 788 770 749 835 787 875 800 832 713 731 738 735 810 679 767 664 659 722 943 746 603 546 668 835 567 736 870 768 774 738 828 689 837 682 
785 606 605 577 845 801 646 702 644 813 677 764 717 745 636 681 584 658 645 757 665 622 659 665 819 636 607 585 688 820 540 633 688 735 631 745 745 671 690 627 
779 835 824 734 1062 1011 935 858 874 1035 937 991 939 987 921 791 802 800 1029 909 882 817 799 813 1067 919 687 760 982 1055 738 810 973 996 984 839 836 903 990 829 
920 946 865 818 1126 1190 977 907 1027 1055 881 1013 954 1046 957 851 870 894 1079 961 920 942 802 875 1124 920 816 796 978 948 843 798 953 1065 904 811 988 915 985 777 
917 826 766 742 1162 1058 945 849 880 1014 902 953 928 1064 867 838 794 836 1030 744 889 879 711 843 1108 802 687 661 817 856 713 736 872 962 880 816 877 749 980 722 
874 837 754 762 1059 1149 1015 786 961 1006 817 1019 985 1008 861 775 828 980 1007 867 920 848 764 843 1133 789 701 833 865 817 693 747 928 955 820 779 857 878 963 786 
868 771 840 763 1024 1061 892 740 876 917 839 1057 961 1025 864 785 820 795 856 915 852 804 786 822 1085 922 685 670 905 868 853 805 905 935 852 856 847 803 904 709 
898 767 700 750 1017 901 830 748 898 930 867 892 870 963 754 799 763 807 934 834 847 833 763 863 925 760 608 677 834 884 726 773 864 871 836 800 799 697 877 766 
712 777 547 589 924 857 819 720 698 918 721 782 795 924 729 717 772 629 768 647 848 616 625 733 916 634 554 677 728 875 605 622 772 819 722 743 711 668 872 600 
769 834 808 804 1010 961 875 763 906 850 761 888 870 933 834 790 783 783 969 811 748 756 762 816 1074 900 598 547 835 818 737 808 814 828 960 686 733 743 879 670 
738 775 747 734 900 966 950 737 751 824 796 870 815 858 891 666 725 771 916 769 885 755 584 817 955 890 630 736 781 811 704 674 851 943 890 811 833 737 925 667 
645 675 612 533 792 904 741 609 763 826 813 750 858 792 655 601 641 707 774 749 777 646 678 656 818 583 648 504 813 774 729 595 791 799 637 628 586 656 740 598 
839 766 816 710 995 971 780 879 890 1063 898 983 860 915 892 774 747 852 915 831 730 857 842 774 986 835 714 696 829 983 672 823 944 930 791 761 892 836 820 739 
834 766 745 668 923 897 824 769 808 907 769 860 838 851 801 668 827 786 887 759 778 751 584 690 932 778 646 751 769 794 622 760 894 863 720 759 843 788 904 708 
760 706 637 628 884 828 674 772 800 760 696 758 697 721 736 616 668 706 658 747 826 614 682 707 854 766 622 601 742 809 600 603 920 824 839 734 807 662 792 601 
890 805 825 768 1086 1013 966 804 960 983 847 1089 982 1060 823 831 787 973 1003 902 962 814 857 879 1177 897 750 832 926 1009 822 899 984 1034 817 927 865 851 1040 782 
745 725 644 556 866 893 728 638 712 815 733 813 799 895 747 749 718 720 972 642 725 715 565 590 976 603 634 586 766 715 615 606 747 777 680 695 662 625 808 622 
690 704 632 663 883 928 850 750 775 825 743 771 728 844 716 667 741 680 848 738 752 660 629 738 946 752 667 747 725 836 579 702 855 843 759 752 807 729 844 601 
830 815 822 779 982 995 950 754 1003 871 764 979 793 970 842 754 742 865 899 908 853 835 797 795 1113 821 685 689 839 866 738 846 927 858 924 735 759 828 868 751 
583 721 662 612 859 832 698 631 777 762 683 739 708 821 797 583 679 632 733 734 718 678 688 722 816 718 673 631 728 805 702 647 747 807 706 719 695 605 661 505 
643 638 656 634 721 858 810 612 658 705 697 835 715 798 713 648 669 768 854 617 743 701 606 681 947 813 614 625 642 770 583 688 779 790 668 695 733 635 784 669 
875 705 718 735 1087 1004 857 821 896 972 761 970 849 950 758 921 758 747 870 825 971 805 716 833 1084 741 719 767 814 887 682 739 882 951 797 877 864 731 1014 745 
1093 1048 937 921 1248 1219 1102 1067 1090 1122 1115 1130 1026 1202 1081 972 995 1018 1260 996 1072 925 861 976 1317 1063 899 824 1128 1160 929 946 1115 1162 1141 1043 1050 944 1146 884 
901 991 909 872 1150 1233 953 963 1035 1124 970 1004 1029 1024 1039 836 850 958 1115 971 1049 982 869 969 1167 1004 833 804 986 1039 790 786 1090 1185 993 864 1006 901 1099 877 
857 798 724 659 974 885 702 729 860 906 788 861 829 844 777 716 795 794 807 831 842 710 755 715 943 740 617 584 804 856 700 767 917 835 802 760 728 694 842 682 
743 625 594 534 849 844 731 755 696 737 664 775 714 854 680 681 662 668 824 754 734 628 644 683 954 770 663 738 727 768 612 614 814 812 565 746 768 714 821 562 
798 880 655 595 973 986 855 698 892 890 702 854 833 959 792 688 799 720 893 761 808 754 661 757 1021 661 618 719 812 759 700 629 828 838 735 673 723 699 830 626 
839 800 729 701 961 960 745 707 789 886 691 840 824 830 727 733 665 847 909 759 842 745 760 786 958 726 674 619 742 889 682 703 836 950 742 716 811 685 843 685 
930 795 749 674 1130 941 813 802 851 980 817 865 893 947 885 845 809 783 887 810 893 845 775 763 1044 805 706 648 873 901 706 746 956 886 903 849 826 733 948 632 
695 768 645 735 829 982 910 745 800 803 776 792 818 958 794 815 706 671 827 823 802 716 657 779 1024 802 575 694 729 830 635 721 750 820 844 801 777 757 881 695 
875 846 842 809 1008 1125 1056 887 925 1082 1054 888 1060 1056 997 882 829 914 972 894 895 889 894 952 1174 955 793 805 962 1049 773 813 1037 1015 937 921 970 928 1005 814 

